 order_id | product_id 
----------+------------
        1 |          1
        1 |          2
        1 |          3
        2 |          1
        2 |          1
        2 |         10
        3 |          1
        3 |          2
        3 |          3
        3 |          3
        3 |         10
        4 |          3
        5 |          3
        6 |          3
        6 |          5
        6 |          8
        7 |          2
        7 |          3
        7 |          5
        8 |          3
        9 |          2
       10 |          5
       10 |          6
       10 |          7
(24 rows)

